229 229 229 229 229 229 229 229 229 229 229 229 229 229 229 229 229 229 
229 229 0 0 0 0 0 0 0 0 0 55 229 229 229 229 229 229 
229 229 0 0 0 0 0 0 0 0 1 0 229 229 229 229 229 229 
229 229 0 0 1 0 0 0 0 0 0 0 229 229 229 229 229 229 
229 229 0 0 0 0 0 0 0 0 0 1 229 229 229 229 229 229 
228 229 0 0 0 0 0 0 0 0 0 0 229 229 229 229 229 229 
229 229 0 1 0 0 0 0 1 0 0 0 229 229 229 229 229 229 
229 229 0 0 0 0 0 0 0 0 0 0 230 229 229 229 229 229 
230 229 0 0 0 0 0 0 0 1 0 0 229 229 229 229 229 229 
229 229 0 0 0 0 0 0 0 0 0 0 229 229 229 229 229 229 
229 229 0 0 0 0 0 0 0 0 0 0 229 229 229 229 229 229 
229 228 217 229 229 229 229 229 229 229 229 229 229 229 229 229 229 229 
229 229 229 229 229 229 229 229 229 229 229 229 229 229 229 229 229 229 
