91
93
256
90
93
85
260
88
85
87
84
87
79
86
79
81
78
271
80
77
80
72
75
277
71
74
280
66
68
283
65
68
65
67
59
63
59
62
292
58
62
54
56
53
298
55
53
55
47
50
304
46
50
46
49
42
49
41
44
41
315
41
35
40
35
35
34
321
34
27
34
26
29
327
327
21
26
21
333
21
20
21
15
20
15
15
12
14
342
6
14
6
8
347
5
8
0
5
0
354
355
356
355
353
6
350
347
345
345
12
341
340
339
20
336
334
29
21
328
374
26
324
34
322
322
35
317
316
316
310
49
307
307
47
303
301
301
298
61
54
62
295
292
290
59
67
286
286
66
69
66
281
281
278
278
274
80
78
412
81
268
79
265
87
85
263
260
93
259
256
99
256
93
423
93
88
262
87
418
81
269
81
80
412
80
79
276
75
443
280
74
74
404
68
287
68
67
67
60
63
62
293
62
61
296
61
56
300
55
390
50
308
308
385
313
41
43
315
381
320
379
34
29
477
375
372
372
23
21
23
336
338
340
14
15
14
346
346
348
8
350
0
351
357
357
495
501
362
491
491
490
367
336
20
483
483
481
329
328
477
378
320
320
382
471
470
385
307
49
305
55
50
391
55
393
56
396
456
293
63
63
401
449
284
69
68
407
74
409
75
276
438
414
435
417
433
420
87
422
428
427
91
426
99
93
99
98
99
99
101
564
566
101
101
107
569
106
109
572
107
143
149
109
578
109
114
109
117
582
114
117
585
117
588
588
122
117
125
592
122
125
596
597
596
128
125
133
601
133
604
605
133
136
607
133
141
136
611
141
614
615
144
141
144
576
620
149
576
148
151
624
626
151
149
625
151
631
632
633
153
151
635
158
636
639
633
632
624
629
627
148
149
646
621
143
619
617
143
141
653
615
612
612
609
608
606
605
601
125
600
598
597
595
592
589
670
586
672
580
674
579
107
109
677
106
107
680
569
101
102
567
563
563
562
560
91
94
559
693
687
565
565
102
684
571
681
678
702
158
153
109
110
109
115
584
672
671
588
593
714
666
599
664
601
128
661
659
607
657
615
654
726
651
576
144
622
628
732
629
629
641
736
635
637
151
638
159
153
638
638
738
736
633
734
733
630
149
622
622
617
652
726
656
141
722
660
606
663
600
665
598
595
668
593
671
585
771
583
709
707
702
677
777
570
570
698
685
696
687
687
257
94
557
557
98
129
162
173
150
123
111
783
106
683
701
106
160
167
702
674
114
772
772
671
714
767
716
600
602
814
661
608
608
759
613
615
653
653
755
649
753
645
751
630
631
150
736
745
640
830
642
732
645
647
151
825
650
726
655
725
658
817
721
604
663
602
716
125
811
117
591
770
672
806
114
709
676
702
572
682
779
686
565
561
869
788
563
557
687
131
163
189
168
137
110
75
78
779
571
573
702
178
172
579
709
709
858
712
713
811
852
814
603
721
847
613
612
616
618
618
650
729
731
644
750
747
634
639
744
740
639
635
911
750
749
643
753
906
755
904
725
613
722
848
850
852
597
669
893
588
771
890
579
862
164
159
158
159
830
145
142
142
136
137
134
129
128
128
120
693
257
558
93
96
137
176
184
158
128
98
79
72
101
98
103
779
106
108
111
678
182
187
938
581
583
892
671
591
810
931
813
898
816
609
901
926
904
619
922
826
630
627
909
918
746
833
917
736
643
996
625
647
994
923
654
248
844
990
928
721
763
931
768
934
772
805
938
777
573
167
159
161
158
158
150
153
145
945
947
136
128
951
128
690
692
560
560
105
155
180
180
147
116
89
68
95
109
80
117
129
124
135
147
147
100
677
198
197
706
708
710
587
712
714
592
852
764
719
899
659
724
821
727
906
149
730
143
919
732
918
631
1000
915
742
914
746
918
749
920
628
922
617
248
1011
757
614
846
659
248
661
1016
765
667
853
1069
857
1020
774
578
1023
164
166
1028
636
150
945
144
136
136
134
134
952
954
563
786
788
118
163
184
170
137
115
79
68
96
102
90
127
143
158
165
153
135
1051
106
199
206
804
581
806
892
1067
117
248
669
248
122
1161
812
1104
850
605
1104
847
1104
820
614
822
992
841
839
827
998
151
831
641
1001
633
1180
828
838
624
621
248
149
1098
141
1098
1193
248
758
1014
133
1098
849
897
852
854
856
670
807
806
861
1114
863
1024
1026
1118
151
1032
1098
1123
129
1037
871
558
99
97
141
175
188
166
136
101
79
74
99
90
102
127
146
1028
148
115
107
677
217
211
889
109
1194
1246
589
1159
1109
248
596
1251
598
602
1246
1104
1167
609
248
1076
614
924
728
1080
908
828
735
1085
1087
1090
834
747
1093
837
628
1011
1098
144
1256
1195
845
759
817
1193
1105
1201
1252
1193
596
933
1158
1193
588
1256
1208
939
941
943
1179
945
1098
949
1037
954
1041
871
103
154
168
157
137
121
99
75
89
108
88
109
1143
158
155
147
104
574
221
226
978
582
582
1159
1157
1158
1162
593
1163
1071
1165
661
1280
1191
902
725
824
1008
1176
1005
1178
747
1087
1091
1003
1275
626
1007
576
1189
1098
143
1256
758
1102
136
1194
1198
1338
1098
598
1253
853
1249
1248
670
1159
1159
1021
862
679
1025
1027
1029
1031
145
1216
1035
1037
1039
955
103
798
96
101
93
98
78
100
105
85
117
142
1236
154
137
99
702
236
236
1064
891
771
1159
671
1251
1158
592
1194
597
1072
248
720
1339
1259
657
1281
843
905
993
1081
1083
1268
999
913
1088
743
915
1351
1273
1083
921
620
1097
1099
1012
1363
1280
1365
1104
1193
1418
1368
1370
1291
1294
114
248
1112
1064
776
109
1116
158
1194
1301
1260
134
1098
953
785
691
557
88
118
188
174
133
104
93
968
85
100
117
135
162
158
156
121
96
864
238
245
1153
580
585
1331
711
1293
1193
895
125
1340
1257
1446
1360
1342
1425
1344
825
827
1004
624
835
1181
916
1183
836
909
1354
1187
1008
756
1359
926
846
1340
604
1246
666
1251
767
1159
1162
857
1374
1194
1377
885
106
1025
1098
638
1098
1383
1260
1098
1219
1221
557
90
98
159
192
155
120
86
67
68
101
106
102
116
133
144
130
99
92
574
1245
248
889
1500
1098
1294
594
1499
1416
1499
930
1525
1258
608
1170
1363
1504
1263
1079
1428
909
749
1085
1513
914
1182
1092
1438
1276
1440
842
924
1522
1524
1525
1199
663
1252
1450
1452
1293
935
586
115
248
1296
1209
940
1098
631
1098
142
1194
1304
955
788
83
113
961
144
107
76
51
89
144
157
111
1389
112
107
118
124
885
107
240
1490
579
979
1245
1454
1332
1161
1194
595
1450
718
814
1501
1500
1171
903
993
1507
1005
1509
1269
1432
1436
633
1661
1517
622
1098
754
842
1173
1361
1192
1445
1502
1419
1527
1194
1452
1373
673
581
1568
1535
1537
159
1539
150
1541
1194
1036
952
1387
560
86
130
194
167
132
97
76
41
102
156
154
187
188
186
191
205
196
134
1023
1406
1408
710
1374
1412
1069
1576
1721
1576
813
1420
1501
1169
1261
1505
1585
1266
1274
1589
1270
151
1089
1435
1272
736
1274
1190
1246
1741
1192
1425
1196
1580
1285
1748
1466
718
1527
1109
1680
1455
892
1611
1457
1115
166
1615
153
1617
1216
1466
1467
1129
691
85
97
154
194
152
1553
66
57
110
156
165
187
196
200
1782
185
108
800
218
1327
677
805
1331
1755
1454
1292
1371
1648
1650
1574
1675
1570
1260
725
1173
1506
994
1508
1275
1511
633
1592
1808
1666
1006
1187
1280
1674
1521
1282
1014
1749
1653
1369
1108
1413
1531
1414
672
1374
1207
1245
1209
679
1211
161
1462
1542
1123
1765
1220
91
85
113
192
199
152
113
81
51
86
133
154
174
180
191
1781
196
162
1639
109
1242
1244
1610
1827
1372
589
1109
1334
1722
1577
848
1580
610
1728
1584
1427
1266
1004
1430
911
1734
1810
1437
1274
148
1256
1279
1195
1195
617
1522
1283
1259
1501
1200
1603
1288
1369
1826
1794
1411
1899
1065
938
702
940
942
944
946
948
950
1127
1621
99
86
135
165
125
110
99
1702
95
153
154
179
186
1781
200
196
133
864
678
202
207
978
1375
586
1755
1898
1367
1333
1251
1253
1941
600
1251
1198
899
1260
1872
1656
1262
905
1345
1806
1348
737
1663
1738
1515
1660
1355
1669
1009
1672
1101
927
847
1578
662
602
1107
766
1110
712
1020
1154
1022
863
1379
1028
1030
1032
1908
1385
1693
426
1040
275
785
74
59
106
157
165
180
178
1926
184
118
1458
1062
1408
1494
587
1679
1571
1335
597
1367
1677
128
1104
2011
1968
1727
1656
1803
1730
1082
1740
1589
1590
1433
1271
1002
1882
750
1884
752
1440
904
1964
1966
1197
1894
1072
666
854
769
1205
892
1065
775
1759
1118
153
1120
142
1122
1124
1126
1766
559
1469
558
562
562
124
1923
191
200
205
205
200
179
971
573
179
977
1789
1154
807
711
670
984
1797
1417
1869
606
900
1949
1077
823
1952
1659
1177
829
1179
832
1513
632
1184
1812
646
1518
649
1520
991
1362
848
897
851
716
1203
1974
858
1829
1685
573
883
107
867
688
870
1546
784
563
696
103
142
174
182
182
167
136
111
1930
677
887
1861
1066
934
1866
931
2101
1870
989
1873
1174
1875
2019
1267
2021
1880
2090
911
2020
1439
1670
1263
2098
1891
761
1286
1895
852
1680
1111
937
1903
1023
865
683
783
868
1129
2053
957
869
2112
568
2066
574
163
803
1643
1329
981
670
983
1573
1071
1166
1074
818
1728
1951
1658
1805
1660
1807
1879
1957
2025
1665
1353
1813
1519
1671
1100
1013
1967
1015
1970
1017
1973
1111
583
1976
1685
681
883
782
566
687
689
1986
955
784
783
781
700
1566
677
704
1716
2178
809
669
985
1652
1420
2079
1075
2016
1078
2140
1429
2143
1432
741
1434
1881
1739
1594
2029
754
2031
2200
2099
2153
2035
1751
1972
1018
2207
585
2042
1831
776
2212
684
686
2116
956
1477
98
568
104
101
578
974
111
111
113
111
118
118
121
2278
120
953
128
127
131
2284
131
138
2287
138
140
2290
140
148
145
148
147
151
2297
740
154
1028
160
1145
802
165
167
167
171
167
175
174
2311
178
178
182
178
185
185
186
185
188
187
193
193
195
2326
195
202
200
203
202
205
203
210
210
213
2336
213
218
213
221
220
221
221
223
223
228
228
231
230
2350
238
237
238
238
240
1489
245
248
2359
1256
2359
245
245
2356
2355
2354
2351
230
230
2348
2346
2345
2343
2341
213
2337
2337
210
203
205
202
203
2330
2327
195
2324
2323
2319
2319
2315
2314
2312
2312
167
168
2396
165
165
160
165
1028
1028
154
155
151
1322
2296
2294
146
140
141
138
2414
2288
135
131
2285
2283
953
121
120
2279
2277
119
2273
2273
938
568
568
2216
559
696
101
2269
109
104
2272
111
114
111
119
2278
2280
128
121
952
131
128
2418
138
135
2414
2413
141
2293
2295
2297
1510
1321
2302
2304
168
165
2397
2309
2311
175
175
2314
183
182
2320
2320
1708
2324
2387
196
195
2384
203
2381
2334
2336
2338
2377
2344
2344
2346
2348
2350
2352
2355
2356
1641
240
1800
2359
1641
2366
2353
238
2369
231
2372
223
2344
2375
2377
2378
205
2380
2382
2481
195
2479
2387
193
188
188
2390
186
178
183
2314
2469
2469
2308
2398
168
2401
158
2303
2461
631
2459
2294
148
2412
138
2413
2288
2288
2449
2449
2282
2423
2444
2426
2441
2272
578
2435
2431
1392
224
2557
2558
2559
2560
2561
2562
2563
2564
2565
2566
2567
2568
2569
2570
2571
2572
2573
2574
2575
2576
2577
2578
2579
2580
2581
2582
2583
2584
2585
2586
2587
2579
499
2590
2591
2592
2593
2594
2595
2596
2597
2598
2599
2595
2588
2602
2603
2560
0
2604
2607
2608
2562
2597
2609
2587
2606
2564
2614
2577
2616
2612
2619
2602
2611
2620
2567
2592
2563
2618
2605
2589
2623
2630
2586
2622
2631
2626
2558
2616
2618
2625
2636
499
2574
2627
2571
2643
2634
2630
2633
2646
2628
2557
2637
2559
2645
2638
2650
2572
2637
2591
2651
355
2636
2649
2649
2648
2663
2660
2590
2653
2610
2640
2669
2642
2670
2670
2668
2666
2620
2665
2666
2652
2651
2672
2650
2614
2606
354
2576
2654
2635
2662
2677
2647
2596
2692
2691
224
2681
2667
2641
2656
2575
2689
2674
357
2695
2619
355
1280
356
2706
2697
2659
2696
2683
2699
2661
2657
2674
2653
2717
2697
2711
2707
2708
1194
2705
2706
2698
2655
2565
2721
2682
2718
2716
2710
2662
2676
2723
2603
357
1193
2700
2695
2729
2714
2561
2687
2722
2715
2569
2703
2747
2672
2645
2739
2584
499
248
2738
2692
2745
2733
2624
2743
2570
2752
2701
2685
2756
2740
2694
2744
2610
2769
2751
2701
2776
2753
2774
2769
2748
2770
224
